0 0.09375 0.3875 0.184375 0.775
0 0.11015625 0.37421875 0.2171875 0.7484375
0 0.13359375 0.36953125 0.2640625 0.7390625
0 0.41640625 0.4265625 0.8296875 0.853125
0 0.43125 0.46640625 0.859375 0.9328125
0 0.3421875 0.44140625 0.68125 0.8828125
0 0.31328125 0.3703125 0.6234375 0.740625
0 0.37578125 0.38515625 0.7484375 0.7703125
0 0.12265625 0.29296875 0.2421875 0.5859375
0 0.06328125 0.2453125 0.1234375 0.490625
0 0.27890625 0.446875 0.5578125 0.89375
0 0.175 0.3421875 0.35 0.684375
0 0.2953125 0.40234375 0.590625 0.8046875
0 0.2515625 0.38359375 0.503125 0.7671875
0 0.1765625 0.37734375 0.353125 0.7546875
